$2,2,04,10,11,15,11,04,26477840N,075498708E,22.5,244,3,0,A# 
$2,2,04,10,11,15,11,34,26477520N,075497462E,27.6,264,4,0,A# 
$2,2,04,10,11,15,12,04,26476987N,075496767E,33.6,192,4,0,A# 
$2,2,04,10,11,15,12,34,26475836N,075496476E,27.6,188,4,0,A# 
$2,2,04,10,11,15,13,04,26474213N,075496165E,35.9,187,4,0,A# 
$2,2,04,10,11,15,13,34,26473806N,075497335E,15.4,102,5,0,A# 
$1,2,04,10,11,15,14,05,26473707N,075497665E,00.0,121,5,0,A#
$1,2,04,10,11,15,14,35,26473482N,075497565E,00.0,250,5,0,A# 
$1,2,04,10,11,15,15,04,26473523N,075497568E,05.5,25,5,0,A# 
$1,2,04,10,11,15,15,34,26473468N,075497647E,02.1,248,5,0,A# 
$1,2,04,10,11,15,16,05,26473468N,075497647E,00.0,202,5,0,A# 
$1,2,04,10,11,15,16,35,26473594N,075497684E,02.1,13,5,0,A# 
$1,2,04,10,11,15,17,04,26473549N,075497694E,00.0,25,5,0,A# 
$1,2,04,10,11,15,17,35,26473636N,075497690E,00.0,348,5,0,A# 
$1,2,04,10,11,15,18,05,26473625N,075497695E,02.9,176,5,0,A# 