$1,1,28,04,09,05,18,12,000000000,0000000000,00.0,000,0,1,V#
$3,1,Ignition On#
$3,1,Main Battery Connected#
$1,1,12,10,11,14,57,04,26473526N,075497662E,00.0,170,2,0,A# 
$1,1,12,10,11,14,57,34,26473538N,075497660E,00.0,129,2,0,A#
$1,1,12,10,11,14,58,34,26473448N,075497650E,00.0,45,2,0,A# 
$1,1,12,10,11,14,59,05,26473503N,075497628E,00.0,196,2,0,A# 
$1,1,12,10,11,14,59,34,26473537N,075497624E,02.7,303,2,0,A#
$1,1,12,10,11,15,01,05,26473464N,075497608E,00.0,202,2,0,A#
$1,1,12,10,11,15,02,05,26473557N,075497666E,00.0,336,2,0,A# 
$1,1,12,10,11,15,02,34,26473557N,075497666E,00.0,151,2,0,A# 
$1,1,12,10,11,15,03,04,26473557N,075497666E,00.0,17,2,0,A#
$1,1,12,10,11,15,04,04,26473763N,075497445E,04.7,284,2,0,A# 
$1,1,12,10,11,15,04,35,26473810N,075497194E,04.7,279,2,0,A# 
$1,1,12,10,11,15,05,04,26473865N,075496939E,04.9,283,2,0,A# 
$1,1,12,10,11,15,05,35,26473903N,075496674E,04.6,281,2,0,A# 
$1,1,12,10,11,15,06,05,26473945N,075496413E,05.0,284,2,0,A# 
$1,1,12,10,11,15,06,34,26474016N,075496168E,04.4,301,2,0,A# 
$2,1,12,10,11,15,07,05,26474074N,075496034E,14.8,334,2,0,A# 
$2,1,12,10,11,15,07,35,26475395N,075496278E,35.8,12,3,0,A# 
$2,1,12,10,11,15,08,04,26476466N,075496565E,30.4,12,3,0,A# 
$2,1,12,10,11,15,08,34,26477492N,075496926E,16.1,32,3,0,A# 
$2,1,12,10,11,15,09,04,26477686N,075498006E,24.7,77,3,0,A# 
$2,1,12,10,11,15,09,35,26477829N,075498676E,17.8,64,3,0,A# 
$2,1,12,10,11,15,10,05,26478032N,075499098E,21.8,57,3,0,A# 
$1,1,12,10,11,15,10,34,26478294N,075499592E,00.0,131,3,0,A# 
$2,1,12,10,11,15,11,04,26477840N,075498708E,22.5,244,3,0,A# 
$2,1,12,10,11,15,11,34,26477520N,075497462E,27.6,264,4,0,A# 
$2,1,12,10,11,15,12,04,26476987N,075496767E,33.6,192,4,0,A# 
$2,1,12,10,11,15,12,34,26475836N,075496476E,27.6,188,4,0,A# 
$2,1,12,10,11,15,13,04,26474213N,075496165E,35.9,187,4,0,A# 
$2,1,12,10,11,15,13,34,26473806N,075497335E,15.4,102,5,0,A# 
$1,1,12,10,11,15,14,05,26473707N,075497665E,00.0,121,5,0,A#
$1,1,12,10,11,15,14,35,26473482N,075497565E,00.0,250,5,0,A# 
$1,1,12,10,11,15,15,04,26473523N,075497568E,05.5,25,5,0,A# 
$1,1,12,10,11,15,15,34,26473468N,075497647E,02.1,248,5,0,A# 
$1,1,12,10,11,15,16,05,26473468N,075497647E,00.0,202,5,0,A# 
$1,1,12,10,11,15,16,35,26473594N,075497684E,02.1,13,5,0,A# 
$1,1,12,10,11,15,17,04,26473549N,075497694E,00.0,25,5,0,A# 
$1,1,12,10,11,15,17,35,26473636N,075497690E,00.0,348,5,0,A# 
$1,1,12,10,11,15,18,05,26473625N,075497695E,02.9,176,5,0,A# 
$1,1,12,10,11,15,18,35,26473625N,075497695E,00.0,53,5,0,A# 
$1,1,12,10,11,15,19,05,26473625N,075497695E,00.0,147,5,0,A# 
$1,1,12,10,11,15,19,35,26473625N,075497695E,00.0,66,5,0,A# 
$1,1,12,10,11,15,20,04,26473625N,075497695E,00.0,274,5,0,A# 
$1,1,12,10,11,15,20,35,26473625N,075497695E,00.0,22,5,0,A# 
$1,1,12,10,11,15,21,04,26473625N,075497695E,00.0,63,5,0,A# 
$1,1,12,10,11,15,21,34,26473625N,075497695E,00.0,211,5,0,A# 
$1,1,12,10,11,15,22,05,26473625N,075497695E,00.0,321,5,0,A# 
$1,1,12,10,11,15,22,34,26473625N,075497695E,00.0,41,5,0,A# 
$1,1,12,10,11,15,23,04,26473625N,075497695E,00.0,27,5,0,A# 
$1,1,12,10,11,15,23,34,26473625N,075497695E,00.0,51,5,0,A# 
$1,1,12,10,11,15,24,04,26473625N,075497695E,00.0,85,5,0,A# 
$1,1,12,10,11,15,24,35,26473625N,075497695E,00.0,226,5,0,A# 
$1,1,12,10,11,15,25,04,26473625N,075497695E,00.0,167,5,0,A# 
$1,1,12,10,11,15,25,35,26473625N,075497695E,00.0,75,5,0,A# 
$1,1,12,10,11,15,26,05,26473625N,075497695E,00.0,79,5,0,A# 
$1,1,12,10,11,15,26,35,26473625N,075497695E,00.0,285,5,0,A# 
$1,1,12,10,11,15,27,04,26473625N,075497695E,00.0,58,5,0,A# 
$1,1,12,10,11,15,27,34,26473625N,075497695E,00.0,22,5,0,A# 
$1,1,12,10,11,15,28,05,26473625N,075497695E,00.0,38,5,0,A# 
$1,1,12,10,11,15,28,34,26473625N,075497695E,00.0,220,5,0,A# 
$1,1,12,10,11,15,29,04,26473625N,075497695E,00.0,232,5,0,A# 
$1,1,12,10,11,15,29,34,26473625N,075497695E,00.0,26,5,0,A#
